Vec Object: 1 MPI processes
  type: seq
1.5482
2.03623
2.40703
2.62362
2.68685
2.55896
2.22857
1.6845
0.945056
1.86824
2.56923
3.09677
3.39176
3.48687
3.32861
2.90434
2.21925
1.26642
2.2048
3.10725
3.78454
4.15711
4.27726
4.09269
3.59998
2.76683
1.59002
1.87547
2.57161
3.09968
3.39569
3.48643
3.32413
2.89859
2.22574
1.26577
3.10389
2.11064
2.38593
2.33431
2.83163
3.16784
1.36786
1.6429
2.26658
2.29534
1.61591
2.33128
1.74659
2.74363
0.951633
1.80706
1.59809
1.30693
1.21902
1.39489
2.15926
0.732871
1.41946
1.67181
0.732718
1.02983
3.2768
1.83123
2.72564
2.67801
2.49697
2.41055
3.40245
2.16691
2.80138
2.78533
2.85217
3.19432
1.65884
2.64748
3.24734
1.45409
2.29924
1.76577
2.13439
2.86641
1.61135
2.1755
2.52072
1.52784
1.83905
1.71408
2.90968
1.88774
1.35746
1.00494
1.82403
0.963135
3.42156
0.908401
2.91865
2.91058
2.81075
3.21722
3.09126
2.48063
3.02959
3.1712
2.94428
2.19992
1.59338
2.94201
2.7379
2.48588
3.27545
2.84325
2.60262
1.69656
2.48309
2.71583
2.69529
2.4863
2.50916
2.02284
2.79763
2.38841
2.4943
3.46243
3.32503
2.90737
2.73466
2.70126
3.13095
2.2211
2.52837
1.77921
3.12848
2.5565
3.30578
3.21043
2.43612
2.14824
2.80894
2.62005
0.689106
1.1529
3.39135
2.00979
1.83736
0.925112
3.42465
2.17574
1.3753
3.90725
3.15511
2.93798
3.11506
3.59967
3.89743
1.82375
2.13962
1.92862
2.78606
2.11877
2.55743
2.69048
3.32583
1.28795
1.4974
2.24769
1.84333
1.73763
2.15269
1.6436
2.60156
0.996136
1.21648
1.63579
1.93859
0.986819
1.24236
4.04847
2.88088
1.96308
3.25712
3.14569
3.33424
4.19284
3.56935
3.65941
3.47396
3.67465
3.99539
1.97435
3.2609
3.96802
2.13284
2.80738
3.47387
2.73496
1.82417
1.74616
2.40991
2.98781
3.59074
2.46404
2.87027
3.21979
2.2215
1.12333
1.11869
4.21059
3.71394
3.44735
3.5799
3.67628
4.02421
3.83485
3.25658
3.44245
3.7603
3.96785
3.71498
3.51771
3.98669
4.04094
3.46627
2.56432
3.48796
3.44232
3.52846
3.0892
3.76908
1.99957
2.07271
2.82385
3.48753
2.93362
3.503
3.62087
3.50594
3.20984
3.44252
2.39486
3.8659
4.10299
3.45476
2.69351
3.86477
3.18369
2.78455
2.59513
2.27251
3.72073
3.07516
1.8644
3.59867
3.04408
2.59392
3.43122
4.10144
3.29619
2.83852
1.16644
1.19801
2.79916
3.8641
1.69936
4.18902
4.23371
3.28466
3.4319
4.26011
1.07541
3.85213
3.73948
3.0005
3.54649
2.24948
2.31302
3.3068
1.62572
3.00024
2.28552
2.63856
2.59829
2.03751
2.85353
1.38573
1.89497
2.63649
1.63751
2.16592
1.2046
1.91232
2.1829
1.22269
1.81495
1.93733
1.68617
1.2386
0.854892
2.63996
3.3176
3.56008
3.31751
3.34511
2.59956
2.00866
4.18136
3.23473
3.96476
3.3341
3.79755
1.9465
4.22188
4.16776
1.99221
3.70524
3.5116
2.47153
3.21428
1.60747
3.28754
2.9812
3.14703
2.92754
2.69091
0.882083
2.02264
1.51317
1.26126
3.43462
3.59937
3.88504
3.6362
3.93298
4.0457
3.6531
3.7037
3.32733
3.54783
3.59495
3.00758
3.50308
4.0739
2.84088
3.51795
4.09607
4.02006
3.3539
2.81068
3.64692
3.34664
3.80099
3.67495
3.4575
2.80773
2.99464
2.26128
4.24725
4.10039
2.63036
3.37927
3.33584
2.16008
4.18112
3.52907
1.38168
2.47497
3.40917
3.96002
1.2511
3.19571
4.04756
4.22442
2.91799
2.64971
1.22658
3.71275
3.25762
1.5791
3.94814
4.01991
2.17162
2.56978
3.42271
3.91118
3.49738
1.74461
3.74824
3.08122
2.15985
3.06085
2.35622
2.86382
1.93749
2.49997
1.31419
1.52682
2.49156
1.91219
2.1986
1.8486
1.7513
2.17878
1.27576
2.19462
1.3945
1.82443
0.951604
1.66031
1.75632
1.67591
1.4256
0.994859
0.77306
2.76273
2.8033
1.9195
2.38735
2.613
2.07738
2.70174
3.35847
2.61283
2.71311
3.23092
1.01637
1.5984
2.53016
3.42751
3.37817
1.91132
1.58015
2.26342
3.03447
2.86478
1.94332
1.37395
2.71615
2.43757
1.35732
2.62335
2.41942
2.24518
0.727743
1.39247
1.38966
0.871597
2.65007
0.748949
2.91877
2.79453
3.01772
2.91144
3.18434
2.91777
2.49764
2.72234
3.15273
2.65456
2.26059
2.87642
3.31905
3.23132
2.40561
2.36275
2.67591
1.97895
1.8773
3.00612
2.75283
3.2727
3.04906
3.20178
2.76516
3.45713
2.68294
2.65481
2.73569
1.56437
3.37547
2.81257
2.53443
3.4129
2.21867
3.2911
2.57735
3.08065
2.83943
3.07387
2.38848
1.87491
3.25342
2.27294
3.1639
2.26899
1.38371
3.27938
2.7777
2.71174
0.745741
1.98449
1.13697
3.50363
3.74728
2.6592
3.19529
3.17576
3.24263
3.12207
3.4657
2.83308
2.59141
2.94362
3.20173
3.76403
3.74581
3.20956
2.79934
2.32721
2.74078
3.03213
2.74392
3.4958
2.64685
2.89009
4.0514
3.48208
2.22881
2.82973
3.50204
2.21965
1.78688
3.35687
2.57584
3.15983
2.57045
3.43198
3.22309
1.80117
3.21765
3.10746
2.15782
2.24489
2.30164
2.44075
3.44063
2.63922
2.18048
4.03173
2.16398
3.45914
3.17435
3.53258
2.59161
2.24218
3.17634
3.37679
3.75707
2.73214
2.64818
3.22826
2.99284
3.41646
2.43505
2.40074
3.79291
2.53071
3.63058
1.88761
3.48127
3.30354
3.42789
3.92059
3.18486
2.09412
1.95817
3.0743
3.48027
2.24105
3.21497
2.57585
3.24946
2.84149
2.94916
2.9744
2.36641
2.75369
2.66648
2.93524
4.01403
2.37809
3.25331
3.6281
2.00825
2.19941
2.19215
2.1161
4.21467
2.91093
3.64698
1.57093
1.46412
1.97429
1.80815
2.35522
1.92636
3.54808
3.54779
2.02373
2.94711
2.49878
1.76368
3.0066
2.1559
3.49891
3.78677
3.4014
3.45862
1.5612
1.72835
2.84652
2.70592
2.44317
1.44137
3.18106
2.09604
3.66247
2.70363
3.08262
2.83043
2.10877
3.45318
3.76294
3.81325
3.33366
3.01854
3.91671
4.04395
3.13958
3.3212
1.70088
3.86081
2.59101
2.62484
3.38316
3.36073
2.9657
1.3862
2.91027
3.41309
3.2104
3.42126
1.67308
2.75914
3.57344
3.14817
4.00443
2.92446
1.58458
1.65139
1.60935
3.59801
2.19713
2.75952
2.22622
3.39012
1.30949
2.18448
2.07027
3.33831
1.79332
2.99479
2.4262
2.98034
2.78221
3.26943
2.93639
3.45672
3.51556
3.11101
3.51505
1.49446
3.52622
2.16529
3.07004
2.60261
3.84672
3.63002
2.81462
1.72794
2.91764
2.81565
2.35655
3.53858
3.37298
2.6695
2.11277
1.46789
3.12393
3.24705
2.40713
2.26301
3.91462
3.06197
3.31456
2.81914
3.53797
2.64533
3.07714
2.66816
3.53913
2.67706
3.82561
3.41082
1.74797
2.50641
3.32033
3.56155
2.39635
2.49761
1.56883
2.12011
2.21711
1.57009
2.22397
3.39125
2.57241
2.91241
3.06118
3.59757
3.39543
2.8205
2.50732
3.0232
2.65081
1.48401
3.67591
3.17556
3.42202
3.98432
2.36403
4.09557
3.18181
2.47426
3.29244
3.49779
1.27134
2.94105
2.80727
2.84427
3.67226
4.11759
3.27887
3.33079
1.94184
2.59668
3.4352
2.66701
2.90313
3.33814
1.1628
3.31438
2.79689
2.93623
3.06435
1.7545
3.26066
3.17334
2.33234
2.7491
3.35931
2.21154
1.11361
3.03955
1.93057
3.91741
2.74408
1.75037
3.26054
2.99408
3.31579
1.82759
2.14128
2.60409
3.76732
2.99078
2.0071
2.26956
2.88263
2.82337
2.89485
3.7356
1.93236
1.36079
1.98285
2.79765
4.0029
3.57379
2.19459
1.97793
3.43465
3.73008
3.33355
2.80095
2.23326
2.52004
3.26944
1.51396
1.09114
3.53561
1.9906
1.3894
3.49799
2.01403
3.7792
1.71236
3.66086
2.77962
2.76054
2.64319
3.68516
3.87043
3.55255
3.38011
3.35412
1.42465
2.25741
1.90529
3.35931
1.91318
1.09263
3.54146
2.545
3.09175
1.7899
3.62822
2.26444
3.01539
3.59987
3.06646
3.02204
1.23262
3.15376
1.97258
2.32078
2.11305
3.68669
2.77915
3.81494
2.67352
2.71737
1.68056
2.98087
2.71853
3.27776
2.62942
1.24179
2.40096
3.43173
2.99587
2.89802
3.4029
3.42898
3.11063
2.93824
2.51848
2.99701
2.63307
2.79592
2.45117
2.88378
2.84845
2.86799
2.42447
2.42672
1.89455
2.39567
1.10067
1.3778
1.72972
2.98286
3.29221
2.15175
1.25168
3.82687
3.27861
2.72807
3.34403
2.7646
2.18639
2.80992
2.5998
3.51681
2.9858
1.97071
4.10349
1.98141
2.07907
